22
0 81 68 44 66 58 73 143 147 99 123 110 77 83 38 142 88 150 165 342 221 153
81 0 104 125 95 35 64 75 68 25 98 126 127 159 111 142 150 231 239 343 173 107
68 104 0 84 133 103 48 131 171 106 79 44 25 77 48 207 150 167 208 409 272 203
44 125 84 0 84 99 109 185 190 142 156 127 79 54 36 157 70 106 127 346 252 186
66 95 133 84 0 60 125 170 138 120 174 174 143 137 101 76 62 174 156 276 170 108
58 35 103 99 60 0 77 110 91 60 121 135 122 141 94 115 115 204 205 319 169 100
73 64 48 109 125 77 0 83 125 60 51 62 73 120 78 191 161 206 235 395 237 170
143 75 131 185 170 110 83 0 82 50 70 126 155 203 160 213 222 287 307 408 214 159
147 68 171 190 138 91 125 82 0 66 141 185 194 227 179 152 200 295 293 334 131  82
99 25 106 142 120 60 60 50 66 0 80 119 130 170 123 166 173 247 260 365 186 123
123 98 79 156 174 121 51 70 141 80 0 59 100 156 122 236 211 246 283 439 266 203
110 126 44 127 174 135 62 126 185 119 59 0 53 110  91 246 194 201 249 449 299 232
77 127 25 79 143 122 73 155 194 130 100 53 0 58 45 218 149 148 197 417 291 222
83 159 77 54 137 141 120 203 227 170 156 110 58 0 48 211 118 91 145 397 303 235
38 111 48 36 101 94 78 160 179 123 122 91 45 48 0 177 104 128 161 373 259 191
142 142 207 157 76 115 191 213 152 166 236 246 218 211 177 0 109 232 190 204 118 81
88 150 150 70 62 115 161 222 200 173 211 194 149 118 104 109 0 123 94 279 222 165
150 231 167 106 174 204 206 287 295 247 246 201 148 91 128 232 123 0 81 384 342 281
165 239 208 127 156 205 235 307 293 260 283 249 197 145 161 190 94 81 0 312 308 257
342 343 409 346 276 319 395 408 334 365 439 449 417 397 373 204 279 384 312 0 221 251
221 173 272 252 170 169 237 214 131 186 266 299 291 303 259 118 222 342 308 221 0 69
153 107 203 186 108 100 170 159 82 123 203 232 222 235 191 81 165 281 257 251 69 0