11
0 88 92 76 89 102 118 63 129 88 131
88 0 105 142 177 153 111 57 76 48 43
92 105 0 69 146 194 194 129 178  62 136
76 142  69 0 84 165 195 137 200 113 182
89 177 146 84 0 115 178 143 208 170 220
102 153 194 165 115 0 83 96 136 177 186
118 111 194 195 178 83 0 65 60 152 128
63 57 129 137 143 96 65 0 66 90 91
129 76 178 200 208 136 60 66 0 124 76
88 48 62 113 170 177 152 90 124 0 74
131 43 136 182 220 186 128 91 76 74 0