12
0 58 32 76 77 121 97 104 155 143 168 195
58 0 50 100 75 108 64 50 110 112 150 167
32  50 0 54 45 89 67 84 127 111 135 163
76 100 54 0 40 69 83 118 139 108 111 148
77 75 45 40 0 44 44 81 100 74 91 121
121 108 89 69  44 0 51 94 82 43 47 79
97 64 67 83 44 51 0 43 60 48 88 104
104 50 84 118 81 94 43 0 64 78 125 131
155 110 127 139 100 82 60 64 0 41 87 76
143 112 111 108 74 43 48 78 41 0 49 55
168 150 135 111 91 47 88 125 87 49 0 41
195 167 163 148 121 79 104 131 76 55 41 0